0;0;0;0;
0,01001001001001;0;0,0125788666321355;0;
0,02002002002002;0;0,0251572356774821;0;
0,03003003003003;0;0,0377346095689342;0;
0,04004004004004;0;0,0503104907787517;0;
0,05005005005005;0;0,0628843818382412;0;
0,0600600600600601;0;0,0754557853574344;0;
0,0700700700700701;0;0,0880242040447633;0;
0,0800800800800801;0;0,100589140726732;0;
0,0900900900900901;0;0,113150098367585;0;
0,1001001001001;0;0,125706580088964;0;
0,11011011011011;0;0,138258089189569;0;
0,12012012012012;0;0,150804129164803;0;
0,13013013013013;0;0,163344203726413;0;
0,14014014014014;0;0,175877816822122;0;
0,15015015015015;0;0,188404472655252;0;
0,16016016016016;0;0,200923675704336;0;
0,17017017017017;0;0,213434930742718;0;
0,18018018018018;0;0,225937742858146;0;
0,19019019019019;0;0,238431617472347;0;
0,2002002002002;0;0,250916060360592;0;
0,21021021021021;0;0,263390577671247;0;
0,22022022022022;0;0,275854675945307;0;
0,23023023023023;0;0,288307862135917;0;
0,24024024024024;0;0,300749643627873;0;
0,25025025025025;0;0,313179528257115;0;
0,26026026026026;0;0,325597024330189;0;
0,27027027027027;0;0,338001640643698;0;
0,28028028028028;0;0,350392886503738;0;
0,29029029029029;0;0,362770271745302;0;
0,3003003003003;0;0,375133306751674;0;
0,31031031031031;0;0,387481502473795;0;
0,32032032032032;0;0,399814370449609;0;
0,33033033033033;0;0,412131422823385;0;
0,34034034034034;0;0,424432172365016;0;
0,35035035035035;0;0,436716132489291;0;
0,36036036036036;0;0,448982817275145;0;
0,37037037037037;0;0,46123174148488;0;
0,38038038038038;0;0,473462420583359;0;
0,39039039039039;0;0,485674370757174;0;
0,4004004004004;0;0,497867108933783;0;
0,41041041041041;0;0,510040152800621;0;
0,42042042042042;0;0,522193020824176;0;
0,43043043043043;0;0,534325232269042;0;
0,44044044044044;0;0,546436307216932;0;
0,45045045045045;0;0,55852576658566;0;
0,46046046046046;0;0,570593132148099;0;
0,47047047047047;0;0,582637926551094;0;
0,48048048048048;0;0,594659673334344;0;
0,49049049049049;0;0,606657896949253;0;
0,5005005005005;0;0,618632122777738;0;
0,51051051051051;0;0,630581877151005;0;
0,52052052052052;0;0,642506687368287;0;
0,53053053053053;0;0,654406081715543;0;
0,54054054054054;0;0,666279589484115;0;
0,55055055055055;0;0,67812674098935;0;
0,56056056056056;0;0,689947067589181;0;
0,57057057057057;0;0,701740101702661;0;
0,58058058058058;0;0,713505376828463;0;
0,59059059059059;0;0,725242427563334;0;
0,600600600600601;0;0,7369507896205;0;
0,610610610610611;0;0,748629999848038;0;
0,620620620620621;0;0,760279596247193;0;
0,630630630630631;0;0,771899117990657;0;
0,640640640640641;0;0,783488105440795;0;
0,650650650650651;0;0,795046100167826;0;
0,660660660660661;0;0,806572644967962;0;
0,670670670670671;0;0,818067283881492;0;
0,680680680680681;0;0,829529562210814;0;
0,690690690690691;0;0,840959026538428;0;
0,700700700700701;0;0,85235522474487;0;
0,710710710710711;0;0,863717706026594;0;
0,720720720720721;0;0,875046020913808;0;
0,730730730730731;0;0,886339721288252;0;
0,740740740740741;0;0,897598360400924;0;
0,750750750750751;0;0,908821492889755;0;
0,760760760760761;0;0,920008674797222;0;
0,770770770770771;0;0,931159463587914;0;
0,780780780780781;0;0,942273418166035;0;
0,790790790790791;0;0,953350098892855;0;
0,800800800800801;0;0,964389067604095;0;
0,810810810810811;0;0,975389887627269;0;
0,820820820820821;0;0,986352123798949;0;
0,830830830830831;0;0,997275342481983;0;
0,840840840840841;0;1,00815911158265;0;
0,850850850850851;0;1,01900300056775;0;
0,860860860860861;0;1,02980658048162;0;
0,870870870870871;0;1,04056942396316;0;
0,880880880880881;0;1,05129110526264;0;
0,890890890890891;0;1,06197120025864;0;
0,900900900900901;0;1,07260928647476;0;
0,910910910910911;0;1,08320494309638;0;
0,920920920920921;0;1,09375775098725;0;
0,930930930930931;0;1,10426729270614;0;
0,940940940940941;0;1,11473315252328;0;
0,950950950950951;0;1,12515491643687;0;
0,960960960960961;0;1,13553217218942;0;
0,970970970970971;0;1,14586450928404;0;
0,980980980980981;0;1,15615151900074;0;
0,990990990990991;0;1,16639279441255;0;
1,001001001001;0;1,17658793040161;0;
1,01101101101101;0;1,18673652367524;0;
1,02102102102102;0;1,19683817278185;0;
1,03103103103103;0;1,20689247812685;0;
1,04104104104104;0;1,21689904198843;0;
1,05105105105105;0;1,22685746853332;0;
1,06106106106106;0;1,23676736383243;0;
1,07107107107107;0;1,24662833587643;0;
1,08108108108108;0;1,25643999459128;0;
1,09109109109109;0;1,26620195185364;0;
1,1011011011011;0;1,27591382150622;0;
1,11111111111111;0;1,28557521937308;0;
1,12112112112112;0;1,29518576327479;0;
1,13113113113113;0;1,30474507304358;0;
1,14114114114114;0;1,31425277053838;0;
1,15115115115115;0;1,32370847965974;0;
1,16116116116116;0;1,33311182636474;0;
1,17117117117117;0;1,34246243868181;0;
1,18118118118118;0;1,35175994672536;0;
1,19119119119119;0;1,3610039827105;0;
1,2012012012012;0;1,37019418096756;0;
1,21121121121121;0;1,37933017795652;0;
1,22122122122122;0;1,38841161228144;0;
1,23123123123123;0;1,39743812470473;0;
1,24124124124124;0;1,40640935816137;0;
1,25125125125125;0;1,41532495777301;0;
1,26126126126126;0;1,42418457086205;0;
1,27127127127127;0;1,43298784696557;0;
1,28128128128128;0;1,44173443784917;0;
1,29129129129129;0;1,45042399752079;0;
1,3013013013013;0;1,45905618224438;0;
1,31131131131131;0;1,46763065055346;0;
1,32132132132132;0;1,47614706326468;0;
1,33133133133133;0;1,48460508349122;0;
1,34134134134134;0;1,4930043766561;0;
1,35135135135135;0;1,50134461050545;0;
1,36136136136136;0;1,5096254551216;0;
1,37137137137137;0;1,51784658293618;0;
1,38138138138138;0;1,52600766874305;0;
1,39139139139139;0;1,5341083897112;0;
1,4014014014014;0;1,54214842539745;0;
1,41141141141141;0;1,5501274577592;0;
1,42142142142142;0;1,55804517116698;0;
1,43143143143143;0;1,56590125241693;0;
1,44144144144144;0;1,57369539074318;0;
1,45145145145145;0;1,58142727783019;0;
1,46146146146146;0;1,58909660782489;0;
1,47147147147147;0;1,59670307734881;0;
1,48148148148148;0;1,60424638551009;0;
1,49149149149149;0;1,61172623391534;0;
1,5015015015015;0;1,61914232668149;0;
1,51151151151151;0;1,62649437044747;0;
1,52152152152152;0;1,63378207438581;0;
1,53153153153153;0;1,64100515021417;0;
1,54154154154154;0;1,64816331220673;0;
1,55155155155155;0;1,65525627720546;0;
1,56156156156156;0;1,66228376463139;0;
1,57157157157157;0;1,66924549649563;0;
1,58158158158158;0;1,67614119741045;0;
1,59159159159159;0;1,6829705946001;0;
1,6016016016016;0;1,68973341791164;0;
1,61161161161161;0;1,6964293998256;0;
1,62162162162162;0;1,70305827546662;0;
1,63163163163163;0;1,70961978261385;0;
1,64164164164164;0;1,71611366171137;0;
1,65165165165165;0;1,72253965587846;0;
1,66166166166166;0;1,72889751091973;0;
1,67167167167167;0;1,7351869753352;0;
1,68168168168168;0;1,74140780033025;0;
1,69169169169169;0;1,74755973982546;0;
1,7017017017017;0;1,75364255046631;0;
1,71171171171171;0;1,75965599163286;0;
1,72172172172172;0;1,76559982544924;0;
1,73173173173173;0;1,77147381679306;0;
1,74174174174174;0;1,77727773330471;0;
1,75175175175175;0;1,78301134539657;0;
1,76176176176176;0;1,78867442626205;0;
1,77177177177177;0;1,79426675188463;0;
1,78178178178178;0;1,79978810104664;0;
1,79179179179179;0;1,80523825533807;0;
1,8018018018018;0;1,81061699916519;0;
1,81181181181181;0;1,81592411975909;0;
1,82182182182182;0;1,82115940718407;0;
1,83183183183183;0;1,82632265434597;0;
1,84184184184184;0;1,83141365700034;0;
1,85185185185185;0;1,83643221376055;0;
1,86186186186186;0;1,84137812610573;0;
1,87187187187187;0;1,84625119838862;0;
1,88188188188188;0;1,85105123784336;0;
1,89189189189189;0;1,85577805459302;0;
1,9019019019019;0;1,86043146165721;0;
1,91191191191191;0;1,86501127495941;0;
1,92192192192192;0;1,8695173133343;0;
1,93193193193193;0;1,87394939853488;0;
1,94194194194194;0;1,87830735523954;0;
1,95195195195195;0;1,88259101105901;0;
1,96196196196196;0;1,88680019654316;0;
1,97197197197197;0;1,89093474518773;0;
1,98198198198198;0;1,89499449344086;0;
1,99199199199199;0;1,89897928070963;0;
2,002002002002;0;1,90288894936635;0;
2,01201201201201;0;1,90672334475486;0;
2,02202202202202;0;1,91048231519657;0;
2,03203203203203;0;1,91416571199654;0;
2,04204204204204;0;1,9177733894493;0;
2,05205205205205;0;1,92130520484464;0;
2,06206206206206;0;1,92476101847327;0;
2,07207207207207;0;1,9281406936323;0;
2,08208208208208;0;1,93144409663071;0;
2,09209209209209;0;1,93467109679458;0;
2,1021021021021;0;1,9378215664723;0;
2,11211211211211;0;1,94089538103959;0;
2,12212212212212;0;1,94389241890447;0;
2,13213213213213;0;1,94681256151201;0;
2,14214214214214;0;1,94965569334907;0;
2,15215215215215;0;1,95242170194886;0;
2,16216216216216;0;1,95511047789537;0;
2,17217217217217;0;1,95772191482772;0;
2,18218218218218;0;1,96025590944435;0;
2,19219219219219;0;1,96271236150712;0;
2,2022022022022;0;1,96509117384526;0;
2,21221221221221;0;1,96739225235922;0;
2,22222222222222;0;1,96961550602442;0;
2,23223223223223;0;1,97176084689479;0;
2,24224224224224;0;1,97382819010632;0;
2,25225225225225;0;1,97581745388036;0;
2,26226226226226;0;1,97772855952687;0;
2,27227227227227;0;1,97956143144757;0;
2,28228228228228;0;1,98131599713886;0;
2,29229229229229;0;1,98299218719477;0;
2,3023023023023;0;1,98458993530963;0;
2,31231231231231;0;1,98610917828074;0;
2,32232232232232;0;1,98754985601085;0;
2,33233233233233;0;1,98891191151056;0;
2,34234234234234;0;1,99019529090053;0;
2,35235235235235;0;1,99139994341368;0;
2,36236236236236;0;1,99252582139711;0;
2,37237237237237;0;1,99357288031407;0;
2,38238238238238;0;1,99454107874567;0;
2,39239239239239;0;1,99543037839252;0;
2,4024024024024;0;1,99624074407629;0;
2,41241241241241;0;1,99697214374104;0;
2,42242242242242;0;1,99762454845454;0;
2,43243243243243;0;1,99819793240936;0;
2,44244244244244;0;1,99869227292396;0;
2,45245245245245;0;1,99910755044353;0;
2,46246246246246;0;1,99944374854078;0;
2,47247247247247;0;1,9997008539166;0;
2,48248248248248;0;1,99987885640059;0;
2,49249249249249;0;1,99997774895143;0;
2,5025025025025;0;1,99999752765719;0;
2,51251251251251;0;1,99993819173549;0;
2,52252252252252;0;1,9997997435335;0;
2,53253253253253;0;1,99958218852785;0;
2,54254254254254;0;1,99928553532446;0;
2,55255255255255;0;1,99890979565814;0;
2,56256256256256;0;1,99845498439216;0;
2,57257257257257;0;1,99792111951765;0;
2,58258258258258;0;1,99730822215291;0;
2,59259259259259;0;1,99661631654254;0;
2,6026026026026;0;1,99584543005649;0;
2,61261261261261;0;1,994995593189;0;
2,62262262262262;0;1,99406683955738;0;
2,63263263263263;0;1,99305920590067;0;
2,64264264264264;0;1,99197273207821;0;
2,65265265265265;0;1,99080746106803;0;
2,66266266266266;0;1,98956343896517;0;
2,67267267267267;0;1,98824071497988;0;
2,68268268268268;0;1,98683934143562;0;
2,69269269269269;0;1,98535937376704;0;
2,7027027027027;0;1,98380087051775;0;
2,71271271271271;0;1,98216389333804;0;
2,72272272272272;0;1,9804485069824;0;
2,73273273273273;0;1,97865477930699;0;
2,74274274274274;0;1,97678278126695;0;
2,75275275275275;0;1,97483258691358;0;
2,76276276276276;0;1,97280427339143;0;
2,77277277277277;0;1,97069792093523;0;
2,78278278278278;0;1,96851361286674;0;
2,79279279279279;0;1,96625143559141;0;
2,8028028028028;0;1,96391147859501;0;
2,81281281281281;0;1,96149383444008;0;
2,82282282282282;0;1,95899859876223;0;
2,83283283283283;0;1,95642587026642;0;
2,84284284284284;0;1,95377575072299;0;
2,85285285285285;0;1,95104834496368;0;
2,86286286286286;0;1,94824376087747;0;
2,87287287287287;0;1,94536210940632;0;
2,88288288288288;0;1,94240350454075;0;
2,89289289289289;0;1,93936806331538;0;
2,9029029029029;0;1,93625590580424;0;
2,91291291291291;0;1,93306715511608;0;
2,92292292292292;0;1,92980193738948;0;
2,93293293293293;0;1,92646038178783;0;
2,94294294294294;0;1,92304262049425;0;
2,95295295295295;0;1,91954878870638;0;
2,96296296296296;0;1,91597902463098;0;
2,97297297297297;0;1,9123334694785;0;
2,98298298298298;0;1,9086122674575;0;
2,99299299299299;0;1,9048155657689;0;
3,003003003003;0;1,90094351460022;0;
3,01301301301301;0;1,89699626711959;0;
3,02302302302302;0;1,89297397946971;0;
3,03303303303303;0;1,88887681076166;0;
3,04304304304304;0;1,88470492306864;0;
3,05305305305305;0;1,88045848141952;0;
3,06306306306306;0;1,87613765379233;0;
3,07307307307307;0;1,87174261110762;0;
3,08308308308308;0;1,86727352722169;0;
3,09309309309309;0;1,86273057891971;0;
3,1031031031031;0;1,85811394590873;0;
3,11311311311311;0;1,85342381081057;0;
3,12312312312312;0;1,84866035915462;0;
3,13313313313313;0;1,84382377937045;0;
3,14314314314314;0;1,83891426278041;0;
3,15315315315315;0;1,83393200359203;0;
3,16316316316316;0;1,82887719889033;0;
3,17317317317317;0;1,82375004863007;0;
3,18318318318318;0;1,81855075562778;0;
3,19319319319319;0;1,81327952555378;0;
3,2032032032032;0;1,80793656692403;0;
3,21321321321321;0;1,80252209109189;0;
3,22322322322322;0;1,79703631223974;0;
3,23323323323323;0;1,79147944737051;0;
3,24324324324324;0;1,78585171629914;0;
3,25325325325325;0;1,78015334164381;0;
3,26326326326326;0;1,77438454881721;0;
3,27327327327327;0;1,76854556601756;0;
3,28328328328328;0;1,76263662421961;0;
3,29329329329329;0;1,75665795716554;0;
3,3033033033033;0;1,75060980135563;0;
3,31331331331331;0;1,74449239603897;0;
3,32332332332332;0;1,738305983204;0;
3,33333333333333;0;1,73205080756888;0;
3,34334334334334;0;1,72572711657186;0;
3,35335335335335;0;1,71933516036149;0;
3,36336336336336;0;1,71287519178669;0;
3,37337337337337;0;1,70634746638679;0;
3,38338338338338;0;1,69975224238137;0;
3,39339339339339;0;1,69308978066012;0;
3,4034034034034;0;1,68636034477245;0;
3,41341341341341;0;1,67956420091708;0;
3,42342342342342;0;1,67270161793155;0;
3,43343343343343;0;1,66577286728155;0;
3,44344344344344;0;1,65877822305017;0;
3,45345345345345;0;1,65171796192709;0;
3,46346346346346;0;1,64459236319762;0;
3,47347347347347;0;1,63740170873166;0;
3,48348348348348;0;1,63014628297253;0;
3,49349349349349;0;1,62282637292573;0;
3,5035035035035;0;1,61544226814761;0;
3,51351351351351;0;1,60799426073388;0;
3,52352352352352;0;1,60048264530806;0;
3,53353353353353;0;1,59290771900986;0;
3,54354354354354;0;1,58526978148337;0;
3,55355355355355;0;1,57756913486526;0;
3,56356356356356;0;1,56980608377281;0;
3,57357357357357;0;1,56198093529184;0;
3,58358358358358;0;1,55409399896458;0;
3,59359359359359;0;1,54614558677744;0;
3,6036036036036;0;1,53813601314863;0;
3,61361361361361;0;1,53006559491578;0;
3,62362362362362;0;1,52193465132334;0;
3,63363363363363;0;1,51374350400998;0;
3,64364364364364;0;1,50549247699591;0;
3,65365365365365;0;1,49718189666998;0;
3,66366366366366;0;1,48881209177684;0;
3,67367367367367;0;1,48038339340389;0;
3,68368368368368;0;1,47189613496821;0;
3,69369369369369;0;1,46335065220336;0;
3,7037037037037;0;1,4547472831461;0;
3,71371371371371;0;1,44608636812302;0;
3,72372372372372;0;1,43736824973708;0;
3,73373373373373;0;1,42859327285404;0;
3,74374374374374;0;1,41976178458886;0;
3,75375375375375;0;1,41087413429191;0;
3,76376376376376;0;1,4019306735352;0;
3,77377377377377;0;1,39293175609844;0;
3,78378378378378;0;1,38387773795509;0;
3,79379379379379;0;1,37476897725822;0;
3,8038038038038;0;1,36560583432638;0;
3,81381381381381;0;1,35638867162933;0;
3,82382382382382;0;1,34711785377373;0;
3,83383383383383;0;1,33779374748868;0;
3,84384384384384;0;1,32841672161123;0;
3,85385385385385;0;1,31898714707179;0;
3,86386386386386;0;1,30950539687947;0;
3,87387387387387;0;1,29997184610729;0;
3,88388388388388;0;1,29038687187739;0;
3,89389389389389;0;1,28075085334605;0;
3,9039039039039;0;1,27106417168877;0;
3,91391391391391;0;1,26132721008512;0;
3,92392392392392;0;1,25154035370361;0;
3,93393393393393;0;1,24170398968649;0;
3,94394394394394;0;1,23181850713436;0;
3,95395395395395;0;1,22188429709085;0;
3,96396396396396;0;1,2119017525271;0;
3,97397397397397;0;1,20187126832625;0;
3,98398398398398;0;1,1917932412678;0;
3,99399399399399;0;1,18166807001192;0;
4,004004004004;0;1,17149615508368;0;
4,01401401401401;0;1,16127789885721;0;
4,02402402402402;0;1,15101370553978;0;
4,03403403403403;0;1,1407039811558;0;
4,04404404404404;0;1,13034913353079;0;
4,05405405405405;0;1,11994957227519;0;
4,06406406406406;0;1,10950570876824;0;
4,07407407407407;0;1,09901795614161;0;
4,08408408408408;0;1,08848672926316;0;
4,09409409409409;0;1,07791244472043;0;
4,1041041041041;0;1,06729552080425;0;
4,11411411411411;0;1,0566363774921;0;
4,12412412412412;0;1,04593543643161;0;
4,13413413413413;0;1,03519312092376;0;
4,14414414414414;0;1,02440985590623;0;
4,15415415415415;0;1,01358606793655;0;
4,16416416416416;0;1,00272218517521;0;
4,17417417417417;0;0,99181863736878;0;
4,18418418418418;0;0,980875855832842;0;
4,19419419419419;0;0,969894273434977;0;
4,2042042042042;0;0,958874324577621;0;
4,21421421421421;0;0,947816445180887;0;
4,22422422422422;0;0,936721072665322;0;
4,23423423423423;0;0,925588645934599;0;
4,24424424424424;0;0,914419605358159;0;
4,25425425425425;0;0,903214392753791;0;
4,26426426426426;0;0,891973451370153;0;
4,27427427427427;0;0,880697225869239;0;
4,28428428428428;0;0,869386162308792;0;
4,29429429429429;0;0,858040708124654;0;
4,3043043043043;0;0,84666131211307;0;
4,31431431431431;0;0,835248424412935;0;
4,32432432432432;0;0,823802496487987;0;
4,33433433433433;0;0,812323981108946;0;
4,34434434434434;0;0,800813332335609;0;
4,35435435435435;0;0,789271005498883;0;
4,36436436436436;0;0,777697457182776;0;
4,37437437437437;0;0,766093145206336;0;
4,38438438438438;0;0,754458528605541;0;
4,39439439439439;0;0,742794067615137;0;
4,4044044044044;0;0,731100223650439;0;
4,41441441441441;0;0,719377459289072;0;
4,42442442442442;0;0,707626238252678;0;
4,43443443443443;0;0,695847025388569;0;
4,44444444444444;0;0,684040286651339;0;
4,45445445445445;0;0,672206489084433;0;
4,46446446446446;0;0,660346100801675;0;
4,47447447447447;0;0,648459590968743;0;
4,48448448448448;0;0,636547429784619;0;
4,49449449449449;0;0,62461008846298;0;
4,5045045045045;0;0,612648039213568;0;
4,51451451451451;0;0,600661755223502;0;
4,52452452452452;0;0,588651710638564;0;
4,53453453453453;0;0,576618380544445;0;
4,54454454454454;0;0,564562240947944;0;
4,55455455455455;0;0,55248376875815;0;
4,56456456456456;0;0,540383441767565;0;
4,57457457457457;0;0,528261738633214;0;
4,58458458458458;0;0,516119138857702;0;
4,59459459459459;0;0,503956122770252;0;
4,6046046046046;0;0,491773171507702;0;
4,61461461461461;0;0,479570766995473;0;
4,62462462462462;0;0,467349391928506;0;
4,63463463463463;0;0,455109529752166;0;
4,64464464464464;0;0,442851664643119;0;
4,65465465465465;0;0,430576281490182;0;
4,66466466466466;0;0,418283865875136;0;
4,67467467467467;0;0,405974904053524;0;
4,68468468468468;0;0,393649882935412;0;
4,69469469469469;0;0,38130929006613;0;
4,7047047047047;0;0,368953613606986;0;
4,71471471471471;0;0,356583342315953;0;
4,72472472472472;0;0,344198965528339;0;
4,73473473473473;0;0,331800973137428;0;
4,74474474474474;0;0,3193898555751;0;
4,75475475475475;0;0,306966103792434;0;
4,76476476476476;0;0,294530209240283;0;
4,77477477477477;0;0,282082663849839;0;
4,78478478478478;0;0,269623960013169;0;
4,79479479479479;0;0,257154590563738;0;
4,8048048048048;0;0,244675048756916;0;
4,81481481481481;0;0,232185828250462;0;
4,82482482482482;0;0,219687423085001;0;
4,83483483483483;0;0,20718032766448;0;
4,84484484484484;0;0,194665036736607;0;
4,85485485485485;0;0,182142045373283;0;
4,86486486486486;0;0,16961184895102;0;
4,87487487487487;0;0,157074943131341;0;
4,88488488488488;0;0,144531823841176;0;
4,89489489489489;0;0,131982987253243;0;
4,9049049049049;0;0,119428929766421;0;
4,91491491491491;0;0,106870147986116;0;
4,92492492492492;0;0,0943071387046124;0;
4,93493493493493;0;0,0817403988814243;0;
4,94494494494494;0;0,0691704256236358;0;
4,95495495495495;0;0,0565977161662374;0;
4,96496496496496;0;0,0440227678524565;0;
4,97497497497497;0;0,0314460781140834;0;
4,98498498498498;0;0,018868144451795;0;
4,99499499499499;0;0,00628946441547426;0;
5,005005005005;0;-0,00628946441547111;0;
5,01501501501501;0;-0,0188681444517918;0;
5,02502502502502;0;-0,0314460781140802;0;
5,03503503503503;0;-0,0440227678524542;0;
5,04504504504504;0;-0,0565977161662352;0;
5,05505505505505;0;-0,0691704256236336;0;
5,06506506506506;0;-0,081740398881422;0;
5,07507507507507;0;-0,0943071387046101;0;
5,08508508508508;0;-0,106870147986114;0;
5,09509509509509;0;-0,119428929766418;0;
5,1051051051051;0;-0,13198298725324;0;
5,11511511511511;0;-0,144531823841172;0;
5,12512512512512;0;-0,157074943131338;0;
5,13513513513513;0;-0,169611848951017;0;
5,14514514514514;0;-0,18214204537328;0;
5,15515515515515;0;-0,194665036736603;0;
5,16516516516516;0;-0,207180327664477;0;
5,17517517517517;0;-0,219687423084999;0;
5,18518518518518;0;-0,232185828250459;0;
5,19519519519519;0;-0,244675048756913;0;
5,2052052052052;0;-0,257154590563736;0;
5,21521521521521;0;-0,269623960013167;0;
5,22522522522522;0;-0,282082663849837;0;
5,23523523523523;0;-0,294530209240281;0;
5,24524524524524;0;-0,306966103792431;0;
5,25525525525525;0;-0,319389855575097;0;
5,26526526526526;0;-0,331800973137425;0;
5,27527527527527;0;-0,344198965528336;0;
5,28528528528528;0;-0,35658334231595;0;
5,29529529529529;0;-0,368953613606983;0;
5,3053053053053;0;-0,381309290066128;0;
5,31531531531531;0;-0,39364988293541;0;
5,32532532532532;0;-0,405974904053521;0;
5,33533533533533;0;-0,418283865875134;0;
5,34534534534534;0;-0,430576281490179;0;
5,35535535535535;0;-0,442851664643117;0;
5,36536536536536;0;-0,455109529752163;0;
5,37537537537537;0;-0,467349391928503;0;
5,38538538538538;0;-0,47957076699547;0;
5,39539539539539;0;-0,491773171507699;0;
5,4054054054054;0;-0,503956122770249;0;
5,41541541541541;0;-0,516119138857699;0;
5,42542542542542;0;-0,528261738633211;0;
5,43543543543543;0;-0,540383441767562;0;
5,44544544544544;0;-0,552483768758148;0;
5,45545545545545;0;-0,564562240947942;0;
5,46546546546546;0;-0,576618380544442;0;
5,47547547547547;0;-0,588651710638562;0;
5,48548548548548;0;-0,6006617552235;0;
5,49549549549549;0;-0,612648039213565;0;
5,5055055055055;0;-0,624610088462977;0;
5,51551551551551;0;-0,636547429784616;0;
5,52552552552552;0;-0,64845959096874;0;
5,53553553553553;0;-0,660346100801672;0;
5,54554554554554;0;-0,67220648908443;0;
5,55555555555555;0;-0,684040286651336;0;
5,56556556556556;0;-0,695847025388566;0;
5,57557557557557;0;-0,707626238252676;0;
5,58558558558558;0;-0,71937745928907;0;
5,59559559559559;0;-0,731100223650437;0;
5,6056056056056;0;-0,742794067615135;0;
5,61561561561561;0;-0,754458528605538;0;
5,62562562562562;0;-0,766093145206334;0;
5,63563563563563;0;-0,777697457182774;0;
5,64564564564564;0;-0,78927100549888;0;
5,65565565565565;0;-0,800813332335606;0;
5,66566566566566;0;-0,812323981108943;0;
5,67567567567567;0;-0,823802496487984;0;
5,68568568568568;0;-0,835248424412932;0;
5,69569569569569;0;-0,846661312113067;0;
5,7057057057057;0;-0,858040708124651;0;
5,71571571571571;0;-0,86938616230879;0;
5,72572572572572;0;-0,880697225869237;0;
5,73573573573573;0;-0,891973451370151;0;
5,74574574574574;0;-0,903214392753789;0;
5,75575575575575;0;-0,914419605358157;0;
5,76576576576576;0;-0,925588645934597;0;
5,77577577577577;0;-0,93672107266532;0;
5,78578578578578;0;-0,947816445180885;0;
5,79579579579579;0;-0,958874324577618;0;
5,8058058058058;0;-0,969894273434974;0;
5,81581581581581;0;-0,980875855832839;0;
5,82582582582582;0;-0,991818637368777;0;
5,83583583583583;0;-1,00272218517521;0;
5,84584584584584;0;-1,01358606793654;0;
5,85585585585585;0;-1,02440985590623;0;
5,86586586586586;0;-1,03519312092376;0;
5,87587587587587;0;-1,0459354364316;0;
5,88588588588588;0;-1,0566363774921;0;
5,89589589589589;0;-1,06729552080424;0;
5,9059059059059;0;-1,07791244472043;0;
5,91591591591591;0;-1,08848672926316;0;
5,92592592592592;0;-1,09901795614161;0;
5,93593593593593;0;-1,10950570876823;0;
5,94594594594594;0;-1,11994957227519;0;
5,95595595595595;0;-1,13034913353078;0;
5,96596596596596;0;-1,1407039811558;0;
5,97597597597597;0;-1,15101370553978;0;
5,98598598598598;0;-1,16127789885721;0;
5,99599599599599;0;-1,17149615508368;0;
6,006006006006;0;-1,18166807001191;0;
6,01601601601601;0;-1,19179324126779;0;
6,02602602602602;0;-1,20187126832624;0;
6,03603603603603;0;-1,21190175252709;0;
6,04604604604604;0;-1,22188429709084;0;
6,05605605605605;0;-1,23181850713436;0;
6,06606606606606;0;-1,24170398968649;0;
6,07607607607607;0;-1,25154035370361;0;
6,08608608608608;0;-1,26132721008511;0;
6,09609609609609;0;-1,27106417168877;0;
6,1061061061061;0;-1,28075085334605;0;
6,11611611611611;0;-1,29038687187738;0;
6,12612612612612;0;-1,29997184610729;0;
6,13613613613613;0;-1,30950539687947;0;
6,14614614614614;0;-1,31898714707179;0;
6,15615615615615;0;-1,32841672161123;0;
6,16616616616616;0;-1,33779374748868;0;
6,17617617617617;0;-1,34711785377373;0;
6,18618618618618;0;-1,35638867162933;0;
6,19619619619619;0;-1,36560583432638;0;
6,2062062062062;0;-1,37476897725822;0;
6,21621621621621;0;-1,38387773795509;0;
6,22622622622622;0;-1,39293175609844;0;
6,23623623623623;0;-1,40193067353519;0;
6,24624624624624;0;-1,4108741342919;0;
6,25625625625625;0;-1,41976178458886;0;
6,26626626626626;0;-1,42859327285404;0;
6,27627627627627;0;-1,43736824973708;0;
6,28628628628628;0;-1,44608636812302;0;
6,29629629629629;0;-1,4547472831461;0;
6,30630630630631;0;-1,46335065220336;0;
6,31631631631632;0;-1,47189613496821;0;
6,32632632632633;0;-1,48038339340389;0;
6,33633633633634;0;-1,48881209177684;0;
6,34634634634635;0;-1,49718189666998;0;
6,35635635635636;0;-1,50549247699591;0;
6,36636636636637;0;-1,51374350400998;0;
6,37637637637638;0;-1,52193465132333;0;
6,38638638638639;0;-1,53006559491578;0;
6,3963963963964;0;-1,53813601314863;0;
6,40640640640641;0;-1,54614558677743;0;
6,41641641641642;0;-1,55409399896458;0;
6,42642642642643;0;-1,56198093529183;0;
6,43643643643644;0;-1,56980608377281;0;
6,44644644644645;0;-1,57756913486526;0;
6,45645645645646;0;-1,58526978148337;0;
6,46646646646647;0;-1,59290771900986;0;
6,47647647647648;0;-1,60048264530806;0;
6,48648648648649;0;-1,60799426073388;0;
6,4964964964965;0;-1,61544226814761;0;
6,50650650650651;0;-1,62282637292573;0;
6,51651651651652;0;-1,63014628297252;0;
6,52652652652653;0;-1,63740170873166;0;
6,53653653653654;0;-1,64459236319762;0;
6,54654654654655;0;-1,65171796192709;0;
6,55655655655656;0;-1,65877822305016;0;
6,56656656656657;0;-1,66577286728155;0;
6,57657657657658;0;-1,67270161793155;0;
6,58658658658659;0;-1,67956420091708;0;
6,5965965965966;0;-1,68636034477244;0;
6,60660660660661;0;-1,69308978066012;0;
6,61661661661662;0;-1,69975224238137;0;
6,62662662662663;0;-1,70634746638678;0;
6,63663663663664;0;-1,71287519178669;0;
6,64664664664665;0;-1,71933516036149;0;
6,65665665665666;0;-1,72572711657186;0;
6,66666666666667;0;-1,73205080756888;0;
6,67667667667668;0;-1,738305983204;0;
6,68668668668669;0;-1,74449239603897;0;
6,6966966966967;0;-1,75060980135563;0;
6,70670670670671;0;-1,75665795716554;0;
6,71671671671672;0;-1,76263662421961;0;
6,72672672672673;0;-1,76854556601755;0;
6,73673673673674;0;-1,77438454881721;0;
6,74674674674675;0;-1,78015334164381;0;
6,75675675675676;0;-1,78585171629914;0;
6,76676676676677;0;-1,79147944737051;0;
6,77677677677678;0;-1,79703631223973;0;
6,78678678678679;0;-1,80252209109189;0;
6,7967967967968;0;-1,80793656692403;0;
6,80680680680681;0;-1,81327952555378;0;
6,81681681681682;0;-1,81855075562778;0;
6,82682682682683;0;-1,82375004863007;0;
6,83683683683684;0;-1,82887719889033;0;
6,84684684684685;0;-1,83393200359203;0;
6,85685685685686;0;-1,83891426278041;0;
6,86686686686687;0;-1,84382377937045;0;
6,87687687687688;0;-1,84866035915462;0;
6,88688688688689;0;-1,85342381081057;0;
6,8968968968969;0;-1,85811394590872;0;
6,90690690690691;0;-1,86273057891971;0;
6,91691691691692;0;-1,86727352722169;0;
6,92692692692693;0;-1,87174261110762;0;
6,93693693693694;0;-1,87613765379233;0;
6,94694694694695;0;-1,88045848141952;0;
6,95695695695696;0;-1,88470492306864;0;
6,96696696696697;0;-1,88887681076166;0;
6,97697697697698;0;-1,8929739794697;0;
6,98698698698699;0;-1,89699626711959;0;
6,996996996997;0;-1,90094351460022;0;
7,00700700700701;0;-1,9048155657689;0;
7,01701701701702;0;-1,9086122674575;0;
7,02702702702703;0;-1,9123334694785;0;
7,03703703703704;0;-1,91597902463098;0;
7,04704704704705;0;-1,91954878870638;0;
7,05705705705706;0;-1,92304262049425;0;
7,06706706706707;0;-1,92646038178782;0;
7,07707707707708;0;-1,92980193738948;0;
7,08708708708709;0;-1,93306715511608;0;
7,0970970970971;0;-1,93625590580424;0;
7,10710710710711;0;-1,93936806331537;0;
7,11711711711712;0;-1,94240350454075;0;
7,12712712712713;0;-1,94536210940632;0;
7,13713713713714;0;-1,94824376087747;0;
7,14714714714715;0;-1,95104834496368;0;
7,15715715715716;0;-1,95377575072298;0;
7,16716716716717;0;-1,95642587026642;0;
7,17717717717718;0;-1,95899859876223;0;
7,18718718718719;0;-1,96149383444008;0;
7,1971971971972;0;-1,96391147859501;0;
7,20720720720721;0;-1,96625143559141;0;
7,21721721721722;0;-1,96851361286674;0;
7,22722722722723;0;-1,97069792093523;0;
7,23723723723724;0;-1,97280427339143;0;
7,24724724724725;0;-1,97483258691358;0;
7,25725725725726;0;-1,97678278126695;0;
7,26726726726727;0;-1,97865477930699;0;
7,27727727727728;0;-1,9804485069824;0;
7,28728728728729;0;-1,98216389333804;0;
7,2972972972973;0;-1,98380087051775;0;
7,30730730730731;0;-1,98535937376704;0;
7,31731731731732;0;-1,98683934143562;0;
7,32732732732733;0;-1,98824071497988;0;
7,33733733733734;0;-1,98956343896517;0;
7,34734734734735;0;-1,99080746106802;0;
7,35735735735736;0;-1,99197273207821;0;
7,36736736736737;0;-1,99305920590067;0;
7,37737737737738;0;-1,99406683955738;0;
7,38738738738739;0;-1,994995593189;0;
7,3973973973974;0;-1,99584543005649;0;
7,40740740740741;0;-1,99661631654254;0;
7,41741741741742;0;-1,99730822215291;0;
7,42742742742743;0;-1,99792111951765;0;
7,43743743743744;0;-1,99845498439216;0;
7,44744744744745;0;-1,99890979565814;0;
7,45745745745746;0;-1,99928553532446;0;
7,46746746746747;0;-1,99958218852785;0;
7,47747747747748;0;-1,9997997435335;0;
7,48748748748749;0;-1,99993819173549;0;
7,4974974974975;0;-1,99999752765719;0;
7,50750750750751;0;-1,99997774895143;0;
7,51751751751752;0;-1,99987885640059;0;
7,52752752752753;0;-1,9997008539166;0;
7,53753753753754;0;-1,99944374854078;0;
7,54754754754755;0;-1,99910755044353;0;
7,55755755755756;0;-1,99869227292396;0;
7,56756756756757;0;-1,99819793240936;0;
7,57757757757758;0;-1,99762454845454;0;
7,58758758758759;0;-1,99697214374105;0;
7,5975975975976;0;-1,99624074407629;0;
7,60760760760761;0;-1,99543037839252;0;
7,61761761761762;0;-1,99454107874567;0;
7,62762762762763;0;-1,99357288031407;0;
7,63763763763764;0;-1,99252582139711;0;
7,64764764764765;0;-1,99139994341368;0;
7,65765765765766;0;-1,99019529090053;0;
7,66766766766767;0;-1,98891191151056;0;
7,67767767767768;0;-1,98754985601085;0;
7,68768768768769;0;-1,98610917828074;0;
7,6976976976977;0;-1,98458993530963;0;
7,70770770770771;0;-1,98299218719477;0;
7,71771771771772;0;-1,98131599713886;0;
7,72772772772773;0;-1,97956143144757;0;
7,73773773773774;0;-1,97772855952687;0;
7,74774774774775;0;-1,97581745388036;0;
7,75775775775776;0;-1,97382819010632;0;
7,76776776776777;0;-1,97176084689479;0;
7,77777777777778;0;-1,96961550602442;0;
7,78778778778779;0;-1,96739225235922;0;
7,7977977977978;0;-1,96509117384526;0;
7,80780780780781;0;-1,96271236150712;0;
7,81781781781782;0;-1,96025590944435;0;
7,82782782782783;0;-1,95772191482772;0;
7,83783783783784;0;-1,95511047789537;0;
7,84784784784785;0;-1,95242170194886;0;
7,85785785785786;0;-1,94965569334907;0;
7,86786786786787;0;-1,94681256151201;0;
7,87787787787788;0;-1,94389241890447;0;
7,88788788788789;0;-1,94089538103959;0;
7,8978978978979;0;-1,9378215664723;0;
7,90790790790791;0;-1,93467109679458;0;
7,91791791791792;0;-1,93144409663071;0;
7,92792792792793;0;-1,9281406936323;0;
7,93793793793794;0;-1,92476101847327;0;
7,94794794794795;0;-1,92130520484464;0;
7,95795795795796;0;-1,9177733894493;0;
7,96796796796797;0;-1,91416571199654;0;
7,97797797797798;0;-1,91048231519657;0;
7,98798798798799;0;-1,90672334475486;0;
7,997997997998;0;-1,90288894936635;0;
8,00800800800801;0;-1,89897928070963;0;
8,01801801801802;0;-1,89499449344086;0;
8,02802802802803;0;-1,89093474518773;0;
8,03803803803804;0;-1,88680019654316;0;
8,04804804804805;0;-1,88259101105901;0;
8,05805805805806;0;-1,87830735523954;0;
8,06806806806807;0;-1,87394939853488;0;
8,07807807807808;0;-1,8695173133343;0;
8,08808808808809;0;-1,86501127495942;0;
8,0980980980981;0;-1,86043146165721;0;
8,10810810810811;0;-1,85577805459302;0;
8,11811811811812;0;-1,85105123784336;0;
8,12812812812813;0;-1,84625119838863;0;
8,13813813813814;0;-1,84137812610573;0;
8,14814814814815;0;-1,83643221376055;0;
8,15815815815816;0;-1,83141365700034;0;
8,16816816816817;0;-1,82632265434597;0;
8,17817817817818;0;-1,82115940718407;0;
8,18818818818819;0;-1,81592411975909;0;
8,1981981981982;0;-1,81061699916519;0;
8,20820820820821;0;-1,80523825533807;0;
8,21821821821822;0;-1,79978810104664;0;
8,22822822822823;0;-1,79426675188463;0;
8,23823823823824;0;-1,78867442626206;0;
8,24824824824825;0;-1,78301134539657;0;
8,25825825825826;0;-1,77727773330471;0;
8,26826826826827;0;-1,77147381679306;0;
8,27827827827828;0;-1,76559982544924;0;
8,28828828828829;0;-1,75965599163286;0;
8,2982982982983;0;-1,75364255046631;0;
8,30830830830831;0;-1,74755973982546;0;
8,31831831831832;0;-1,74140780033026;0;
8,32832832832833;0;-1,7351869753352;0;
8,33833833833834;0;-1,72889751091973;0;
8,34834834834835;0;-1,72253965587846;0;
8,35835835835836;0;-1,71611366171138;0;
8,36836836836837;0;-1,70961978261385;0;
8,37837837837838;0;-1,70305827546662;0;
8,38838838838839;0;-1,69642939982561;0;
8,3983983983984;0;-1,68973341791164;0;
8,40840840840841;0;-1,6829705946001;0;
8,41841841841842;0;-1,67614119741045;0;
8,42842842842843;0;-1,66924549649564;0;
8,43843843843844;0;-1,66228376463139;0;
8,44844844844845;0;-1,65525627720546;0;
8,45845845845846;0;-1,64816331220673;0;
8,46846846846847;0;-1,64100515021418;0;
8,47847847847848;0;-1,63378207438581;0;
8,48848848848849;0;-1,62649437044747;0;
8,4984984984985;0;-1,61914232668149;0;
8,50850850850851;0;-1,61172623391534;0;
8,51851851851852;0;-1,60424638551009;0;
8,52852852852853;0;-1,59670307734881;0;
8,53853853853854;0;-1,58909660782489;0;
8,54854854854855;0;-1,58142727783019;0;
8,55855855855856;0;-1,57369539074318;0;
8,56856856856857;0;-1,56590125241693;0;
8,57857857857858;0;-1,55804517116698;0;
8,58858858858859;0;-1,5501274577592;0;
8,5985985985986;0;-1,54214842539745;0;
8,60860860860861;0;-1,5341083897112;0;
8,61861861861862;0;-1,52600766874306;0;
8,62862862862863;0;-1,51784658293618;0;
8,63863863863864;0;-1,5096254551216;0;
8,64864864864865;0;-1,50134461050545;0;
8,65865865865866;0;-1,49300437665611;0;
8,66866866866867;0;-1,48460508349122;0;
8,67867867867868;0;-1,47614706326468;0;
8,68868868868869;0;-1,46763065055346;0;
8,6986986986987;0;-1,45905618224438;0;
8,70870870870871;0;-1,4504239975208;0;
8,71871871871872;0;-1,44173443784917;0;
8,72872872872873;0;-1,43298784696557;0;
8,73873873873874;0;-1,42418457086205;0;
8,74874874874875;0;-1,41532495777301;0;
8,75875875875876;0;-1,40640935816137;0;
8,76876876876877;0;-1,39743812470474;0;
8,77877877877878;0;-1,38841161228145;0;
8,78878878878879;0;-1,37933017795653;0;
8,7987987987988;0;-1,37019418096756;0;
8,80880880880881;0;-1,36100398271051;0;
8,81881881881882;0;-1,35175994672536;0;
8,82882882882883;0;-1,34246243868181;0;
8,83883883883884;0;-1,33311182636475;0;
8,84884884884885;0;-1,32370847965974;0;
8,85885885885886;0;-1,31425277053838;0;
8,86886886886887;0;-1,30474507304358;0;
8,87887887887888;0;-1,29518576327479;0;
8,88888888888889;0;-1,28557521937308;0;
8,8988988988989;0;-1,27591382150623;0;
8,90890890890891;0;-1,26620195185364;0;
8,91891891891892;0;-1,25643999459129;0;
8,92892892892893;0;-1,24662833587644;0;
8,93893893893894;0;-1,23676736383243;0;
8,94894894894895;0;-1,22685746853333;0;
8,95895895895896;0;-1,21689904198844;0;
8,96896896896897;0;-1,20689247812685;0;
8,97897897897898;0;-1,19683817278186;0;
8,98898898898899;0;-1,18673652367524;0;
8,998998998999;0;-1,17658793040161;0;
9,00900900900901;0;-1,16639279441255;0;
9,01901901901902;0;-1,15615151900074;0;
9,02902902902903;0;-1,14586450928404;0;
9,03903903903904;0;-1,13553217218942;0;
9,04904904904905;0;-1,12515491643688;0;
9,05905905905906;0;-1,11473315252329;0;
9,06906906906907;0;-1,10426729270614;0;
9,07907907907908;0;-1,09375775098726;0;
9,08908908908909;0;-1,08320494309638;0;
9,0990990990991;0;-1,07260928647477;0;
9,10910910910911;0;-1,06197120025864;0;
9,11911911911912;0;-1,05129110526264;0;
9,12912912912913;0;-1,04056942396316;0;
9,13913913913914;0;-1,02980658048163;0;
9,14914914914915;0;-1,01900300056775;0;
9,15915915915916;0;-1,00815911158265;0;
9,16916916916917;0;-0,997275342481985;0;
9,17917917917918;0;-0,98635212379895;0;
9,18918918918919;0;-0,975389887627272;0;
9,1991991991992;0;-0,964389067604097;0;
9,20920920920921;0;-0,953350098892857;0;
9,21921921921922;0;-0,942273418166038;0;
9,22922922922923;0;-0,931159463587917;0;
9,23923923923924;0;-0,920008674797224;0;
9,24924924924925;0;-0,908821492889758;0;
9,25925925925926;0;-0,897598360400926;0;
9,26926926926927;0;-0,886339721288254;0;
9,27927927927928;0;-0,875046020913811;0;
9,28928928928929;0;-0,863717706026596;0;
9,2992992992993;0;-0,852355224744873;0;
9,30930930930931;0;-0,84095902653843;0;
9,31931931931932;0;-0,829529562210817;0;
9,32932932932933;0;-0,818067283881494;0;
9,33933933933934;0;-0,806572644967965;0;
9,34934934934935;0;-0,795046100167828;0;
9,35935935935936;0;-0,783488105440798;0;
9,36936936936937;0;-0,77189911799066;0;
9,37937937937938;0;-0,760279596247196;0;
9,38938938938939;0;-0,74862999984804;0;
9,3993993993994;0;-0,736950789620501;0;
9,40940940940941;0;-0,725242427563336;0;
9,41941941941942;0;-0,713505376828465;0;
9,42942942942943;0;-0,701740101702664;0;
9,43943943943944;0;-0,689947067589183;0;
9,44944944944945;0;-0,678126740989353;0;
9,45945945945946;0;-0,666279589484117;0;
9,46946946946947;0;-0,654406081715546;0;
9,47947947947948;0;-0,642506687368289;0;
9,48948948948949;0;-0,630581877151008;0;
9,4994994994995;0;-0,61863212277774;0;
9,50950950950951;0;-0,606657896949256;0;
9,51951951951952;0;-0,594659673334347;0;
9,52952952952953;0;-0,582637926551096;0;
9,53953953953954;0;-0,570593132148102;0;
9,54954954954955;0;-0,558525766585662;0;
9,55955955955956;0;-0,546436307216934;0;
9,56956956956957;0;-0,534325232269044;0;
9,57957957957958;0;-0,522193020824179;0;
9,58958958958959;0;-0,510040152800623;0;
9,5995995995996;0;-0,497867108933786;0;
9,60960960960961;0;-0,485674370757176;0;
9,61961961961962;0;-0,473462420583363;0;
9,62962962962963;0;-0,461231741484883;0;
9,63963963963964;0;-0,448982817275148;0;
9,64964964964965;0;-0,436716132489293;0;
9,65965965965966;0;-0,424432172365019;0;
9,66966966966967;0;-0,412131422823388;0;
9,67967967967968;0;-0,399814370449611;0;
9,68968968968969;0;-0,387481502473798;0;
9,6996996996997;0;-0,375133306751676;0;
9,70970970970971;0;-0,362770271745305;0;
9,71971971971972;0;-0,35039288650374;0;
9,72972972972973;0;-0,338001640643701;0;
9,73973973973974;0;-0,325597024330191;0;
9,74974974974975;0;-0,313179528257118;0;
9,75975975975976;0;-0,300749643627876;0;
9,76976976976977;0;-0,28830786213592;0;
9,77977977977978;0;-0,27585467594531;0;
9,78978978978979;0;-0,263390577671251;0;
9,7997997997998;0;-0,250916060360595;0;
9,80980980980981;0;-0,238431617472349;0;
9,81981981981982;0;-0,225937742858148;0;
9,82982982982983;0;-0,21343493074272;0;
9,83983983983984;0;-0,200923675704339;0;
9,84984984984985;0;-0,188404472655255;0;
9,85985985985986;0;-0,175877816822126;0;
9,86986986986987;0;-0,163344203726416;0;
9,87987987987988;0;-0,150804129164806;0;
9,88988988988989;0;-0,138258089189571;0;
9,8998998998999;0;-0,125706580088967;0;
9,90990990990991;0;-0,113150098367587;0;
9,91991991991992;0;-0,100589140726736;0;
9,92992992992993;0;-0,088024204044766;0;
9,93993993993994;0;-0,0754557853574362;0;
9,94994994994995;0;-0,062884381838244;0;
9,95995995995996;0;-0,0503104907787537;0;
9,96996996996997;0;-0,0377346095689371;0;
9,97997997997998;0;-0,0251572356774842;0;
9,98998998998999;0;-0,0125788666321386;0;
10;0;-2,2661993809292E-15;0;
